579 429 2 578 429 -4
578 429 -1 575 429 1
575 429 -4 572 429 2
572 429 0 570 429 1
570 429 -5 568 430 2
568 430 2 564 431 1
564 431 -3 561 432 0
561 432 4 555 433 -5
555 433 -4 551 434 -3
551 434 -5 546 435 -4
546 435 0 543 437 -4
543 437 -2 538 437 0
538 437 4 531 440 -1
531 440 -4 527 440 3
527 440 1 523 440 -3
523 440 -2 519 440 1
519 440 4 517 440 -4
517 440 -2 514 440 4
514 440 -4 511 441 2
511 441 -5 507 441 3
507 441 -2 504 442 -5
504 442 2 499 443 4
499 443 -2 496 443 2
496 443 0 493 443 1
493 443 -3 490 444 4
490 444 -5 488 444 2
488 444 -1 484 444 3
484 444 -5 482 445 0
482 445 -3 479 445 -4
479 445 -1 478 445 1
478 445 0 476 445 -4
476 445 1 475 445 -2
475 445 4 474 445 4
474 445 2 473 445 3
473 445 -1 470 445 2
470 445 -1 467 445 1
467 445 3 462 445 -3
462 445 1 461 445 4
461 445 -4 460 445 -2
460 445 -1 457 445 -2
457 445 4 454 445 2
454 445 -5 451 445 -5
451 445 1 447 444 -5
447 444 -2 443 444 -1
443 444 2 437 443 -2
437 443 -4 430 440 0
430 440 -4 424 438 0
424 438 -4 418 435 1
418 435 3 414 434 -2
414 434 -2 404 433 -1
404 433 4 396 431 -1
396 431 4 393 430 -5
393 430 1 389 429 1
389 429 4 383 428 -1
383 428 -5 375 425 -3
375 425 2 372 425 2
372 425 4 367 425 3
367 425 -5 363 424 -4
363 424 1 360 423 3
360 423 3 358 422 -5
358 422 -4 354 421 -4
354 421 2 349 419 -3
349 419 -1 343 416 0
343 416 -5 334 411 2
334 411 2 330 410 2
330 410 -5 327 409 3
327 409 -1 324 408 -4
324 408 3 322 407 -5
322 407 2 319 403 -2
319 403 1 316 402 3
316 402 -2 311 399 -3
311 399 -3 309 397 4
309 397 -3 303 392 -5
303 392 -2 296 385 2
296 385 -5 291 380 -5
291 380 -2 286 375 2
286 375 -3 284 372 -2
284 372 -4 281 369 -5
281 369 -1 275 359 4
275 359 3 271 350 0
271 350 -2 267 342 1
267 342 -3 264 336 -1
264 336 3 263 326 -1
263 326 -4 260 316 0
260 316 1 258 307 -5
258 307 -4 258 294 3
258 294 -2 258 282 0
258 282 -4 257 269 -2
257 269 0 257 260 4
257 260 -5 257 248 -5
257 248 -4 258 232 -1
258 232 -3 262 218 1
262 218 2 267 201 -4
267 201 -4 273 184 -1
273 184 2 279 170 -4
279 170 -2 285 158 -3
285 158 -2 291 145 3
291 145 -5 297 134 -2
297 134 0 303 124 4
303 124 3 311 116 -4
311 116 -3 316 110 -2
316 110 -2 324 108 -5
324 108 -5 332 106 3
332 106 -5 342 106 -3
342 106 4 349 106 -2
349 106 -2 361 106 -3
361 106 -5 370 108 -4
370 108 4 380 111 3
380 111 1 394 116 -2
394 116 -3 407 119 -2
407 119 -2 421 125 3
421 125 4 436 132 2
436 132 -4 450 140 1
450 140 4 464 153 4
464 153 -3 478 163 4
478 163 -3 495 178 -4
495 178 0 518 203 -5
518 203 -5 542 226 -3
542 226 4 565 257 -4
565 257 -2 587 288 4
587 288 0 605 324 3
605 324 2 620 357 3
620 357 2 632 376 0
632 376 4 654 407 0
654 407 1 672 440 -5
672 440 2 698 478 -3
698 478 4 719 515 -2
719 515 4 747 550 3
747 550 1 776 589 -2
776 589 -2 803 618 -2
803 618 0 824 639 1
824 639 -4 841 653 4
841 653 3 862 672 -5
862 672 -5 877 679 -5
877 679 0 899 686 3
899 686 2 915 691 -5
915 691 4 926 695 -2
926 695 -4 944 705 2
944 705 4 971 713 -3
971 713 -5 995 722 -1
995 722 0 1015 728 1
1015 728 -1 1037 734 -1
1037 734 -4 1060 739 1
1060 739 2 1098 739 -4
1098 739 -2 1132 739 -4
1132 739 2 1165 736 0
1165 736 2 1190 732 4
1190 732 1 1224 721 -5
1224 721 -4 1253 707 -1
1253 707 4 1269 697 2
1269 697 1 1285 685 -1
1285 685 2 1298 668 1
1298 668 -1 1324 643 -2
1324 643 0 1344 609 2
1344 609 0 1359 580 -2
1359 580 2 1365 541 4
1365 541 -2 1365 512 -1
1365 512 4 1365 489 3
1365 489 -4 1365 464 -4
1365 464 -5 1365 444 3
1365 444 0 1365 427 -4
1365 427 -3 1365 414 -1
1365 414 0 1365 403 0
1365 403 0 1365 390 -3
1365 390 4 1365 376 -1
1365 376 -5 1361 365 -4
1361 365 -5 1354 351 -5
1354 351 0 1347 337 -3
1347 337 -4 1337 319 1
1337 319 1 1327 301 -5
1327 301 -2 1315 282 -5
1315 282 -1 1294 255 -3
1294 255 2 1275 234 1
1275 234 2 1252 209 -2
1252 209 -2 1223 180 1
1223 180 -5 1202 163 -2
1202 163 4 1179 148 -2
1179 148 1 1164 137 4
1164 137 -4 1148 129 4
1148 129 3 1135 123 -5
1135 123 -3 1098 106 3
1098 106 -1 1067 96 -3
1067 96 -2 1057 93 1
1057 93 0 1049 91 -5
1049 91 -2 1043 89 -5
1043 89 4 1035 89 4
1035 89 0 1024 89 -2
1024 89 -2 1016 89 -3
1016 89 2 1006 91 0
1006 91 3 995 93 -1
995 93 -5 983 97 1
983 97 -2 968 102 -3
968 102 4 956 106 3
956 106 -5 944 112 -2
944 112 4 932 118 2
932 118 2 920 127 2
920 127 -5 904 138 3
904 138 -5 894 152 -2
894 152 -2 879 169 -3
879 169 4 863 186 -1
863 186 0 845 213 -1
845 213 -5 822 244 4
822 244 -4 808 263 4
808 263 4 787 291 0
787 291 1 769 314 3
769 314 -5 755 334 -3
755 334 1 741 348 -5
741 348 0 727 358 0
727 358 -5 717 362 -2
717 362 0 709 366 -2
709 366 3 701 369 0
701 369 -3 692 374 -4
692 374 -1 682 382 -3
682 382 -1 670 388 -4
670 388 2 656 397 0
656 397 4 646 403 1
646 403 -1 636 408 0
636 408 -1 622 415 4
622 415 2 612 417 0
612 417 -1 595 422 1
595 422 -3 584 422 2
584 422 4 574 422 -2
574 422 -3 558 422 -5
558 422 3 547 422 -3
547 422 -2 532 422 -5
532 422 -3 517 422 1
517 422 2 500 420 -2
500 420 -5 485 420 -1
485 420 -3 470 418 3
470 418 4 455 418 4
455 418 0 440 417 -3
440 417 -3 427 414 1
427 414 0 413 409 -5
413 409 -5 399 403 -2
399 403 -1 384 397 -1
384 397 -5 370 390 -2
370 390 0 355 382 2
355 382 -3 341 373 3
341 373 2 327 363 3
327 363 0 315 356 -2
315 356 2 301 347 -4
301 347 -2 288 332 4
288 332 -1 276 322 2
276 322 -3 269 311 -3
269 311 4 256 297 -4
256 297 1 249 284 3
249 284 -4 239 266 -3
239 266 -1 231 249 4
231 249 -5 225 229 -2
225 229 4 216 195 -1
216 195 3 210 162 2
210 162 2 208 131 3
208 131 1 204 94 1
204 94 3 202 70 0
202 70 -1 202 43 2
202 43 -2 202 27 3
202 27 4 203 4 -2
203 4 3 204 0 -2
204 0 -5 210 0 -3
210 0 -3 216 0 0
216 0 4 224 0 1
224 0 -2 231 0 2
231 0 -2 238 0 -3
238 0 -4 244 0 -1
244 0 -1 250 0 1
250 0 -2 257 0 3
257 0 2 266 0 -2
266 0 -3 276 0 4
276 0 -2 289 0 4
289 0 3 306 0 2
306 0 -5 321 2 1
321 2 3 336 8 0
336 8 -4 354 18 4
354 18 -4 368 30 4
368 30 3 385 47 1
385 47 2 400 65 -4
400 65 2 418 88 2
418 88 4 428 112 -4
428 112 -1 446 149 4
446 149 -5 460 195 -4
460 195 -5 473 247 -1
473 247 0 486 318 4
486 318 -4 509 390 2
509 390 2 522 461 -3
522 461 2 539 536 -5
539 536 -1 561 612 1
561 612 -4 577 676 -4
577 676 1 598 734 0
598 734 -3 614 766 -4
614 766 0 634 767 3
634 767 3 648 767 -5
648 767 1 660 767 -3
660 767 -1 672 767 -5
672 767 4 688 767 -2
688 767 3 703 767 0
703 767 -4 715 767 -2
715 767 -5 729 767 -3
729 767 3 741 767 3
741 767 -2 755 767 -3
755 767 3 768 767 -3
768 767 -3 780 767 2
780 767 -4 790 767 4
790 767 -5 800 767 -1
800 767 4 813 767 -5
813 767 2 832 767 -3
832 767 -1 851 767 0
851 767 0 876 767 -3
876 767 3 908 766 -3
908 766 3 955 759 -5
955 759 2 982 751 -5
982 751 -1 1012 734 -3
1012 734 -3 1044 707 -5
1044 707 2 1075 671 -3
1075 671 1 1096 643 -2
1096 643 0 1109 621 2
1109 621 3 1124 598 4
1124 598 2 1130 583 -3
1130 583 -5 1141 562 4
1141 562 -2 1148 539 4
1148 539 -2 1157 515 -4
1157 515 -2 1160 494 -2
1160 494 -3 1160 467 -4
1160 467 2 1160 444 3
1160 444 -2 1158 427 0
1158 427 -5 1155 417 3
1155 417 -5 1153 412 -1
1153 412 -2 1148 405 -1
1148 405 -3 1146 403 -4
1146 403 2 1143 401 -3
1143 401 -3 1135 400 1
1135 400 1 1124 397 -2
1124 397 -4 1111 397 3
1111 397 4 1094 397 -3
1094 397 2 1077 396 -4
1077 396 -3 1052 396 -4
1052 396 -4 1025 396 3
1025 396 -4 984 401 -1
984 401 -1 942 404 2
942 404 2 885 404 2
885 404 -2 828 404 -3
828 404 -4 751 396 0
751 396 -2 673 385 3
673 385 -5 608 364 2
608 364 0 543 345 -1
543 345 -1 487 329 -4
487 329 0 442 320 -1
442 320 -2 422 321 -5
422 321 4 408 322 -4
408 322 -3 400 325 1
400 325 0 398 327 -3
398 327 2 398 328 4
398 328 -4 400 330 -5
400 330 2 406 330 0
406 330 -2 417 331 -4
417 331 -3 427 332 2
427 332 3 440 332 3
440 332 -5 462 337 -4
462 337 -1 488 345 -5
488 345 -5 519 353 4
519 353 -4 557 364 1
557 364 1 591 373 1
591 373 -2 633 384 1
633 384 2 678 396 -2
678 396 2 707 402 -5
707 402 4 739 413 -2
739 413 0 764 416 -4
764 416 0 792 420 -2
792 420 -5 806 421 -2
806 421 -1 817 424 -4
817 424 3 820 425 3
820 425 -4 820 426 -2
820 426 2 818 426 -4
818 426 -5 809 427 -5
809 427 1 798 427 -2
798 427 2 777 429 3
777 429 -4 754 431 0
754 431 0 715 429 -4
715 429 0 692 429 2
692 429 2 635 429 -5
635 429 -2 588 425 0
588 425 -4 534 422 1
534 422 -1 467 412 -2
467 412 -5 405 406 0
405 406 -5 332 398 -4
332 398 4 262 390 -2
262 390 1 197 392 3
197 392 1 144 392 -1
144 392 4 97 397 3
97 397 -5 59 405 0
59 405 -3 35 415 2
35 415 3 14 423 -4
14 423 0 1 429 -2
1 429 -5 0 434 2
0 434 3 0 436 -5
0 436 -4 0 438 -2
0 438 0 0 438 2
0 438 0 0 440 -2
0 440 -1 8 442 -4
8 442 0 21 448 1
21 448 4 35 458 -1
35 458 2 60 467 4
60 467 0 99 480 -4
99 480 1 156 496 -3
156 496 0 213 514 -4
213 514 1 284 525 -2
284 525 -3 358 539 4
358 539 -4 440 553 3
440 553 -2 522 567 1
522 567 0 610 575 2
610 575 -3 687 578 -1
687 578 -1 753 586 4
753 586 -3 807 591 3
807 591 1 873 596 4
873 596 0 924 601 1
924 601 0 975 608 1
975 608 4 1003 610 -1
1003 610 -4 1031 612 -4
1031 612 2 1042 614 3
1042 614 -4 1052 615 0
1052 615 0 1056 615 3
1056 615 -4 1058 615 -5
1058 615 0 1058 615 0
1058 615 3 1050 615 0
1050 615 1 1039 615 3
1039 615 0 1024 610 4
1024 610 -3 992 606 -1
992 606 -5 951 597 1
951 597 -3 901 582 -2
901 582 -2 852 567 -5
852 567 0 784 551 0
784 551 -2 728 538 -2
728 538 3 667 520 4
667 520 -3 600 506 1
600 506 -2 537 496 0
537 496 4 458 479 2
458 479 1 401 464 3
401 464 1 350 456 2
350 456 -1 305 447 -4
305 447 4 265 442 4
265 442 -1 237 439 2
237 439 4 212 435 -5
212 435 -4 195 433 -3
195 433 0 183 432 4
183 432 0 177 431 -4
177 431 2 176 431 0
176 431 0 178 431 2
178 431 -1 185 431 2
185 431 4 194 429 4
194 429 -2 207 429 2
207 429 -1 224 429 -1
224 429 -5 245 432 -4
245 432 -4 275 438 -4
275 438 1 316 447 -5
316 447 -3 368 459 -3
368 459 4 421 472 -3
421 472 4 488 488 0
488 488 3 555 499 -5
555 499 0 607 506 2
607 506 0 662 516 2
662 516 0 711 526 3
711 526 -3 739 530 0
739 530 4 774 530 -1
774 530 -5 806 534 -1
806 534 -2 823 537 -1
823 537 -3 834 538 -4
834 538 -4 844 541 -3
844 541 -3 849 543 -1
849 543 3 846 543 3
846 543 -1 837 543 -2
837 543 0 820 541 1
820 541 -1 797 540 3
797 540 -3 772 536 1
772 536 0 747 533 0
747 533 -4 713 524 0
713 524 2 671 513 4
671 513 0 631 506 -5
631 506 0 590 499 1
590 499 2 542 489 4
542 489 3 489 477 -3
489 477 -5 433 461 -1
433 461 3 381 452 -3
381 452 4 317 438 -1
317 438 1 288 434 -5
288 434 -4 257 433 -2
257 433 1 236 431 -1
236 431 3 219 428 -2
219 428 -1 208 426 4
208 426 -2 203 424 3
203 424 1 200 423 0
200 423 -5 200 422 -4
200 422 0 200 422 -3
200 422 -3 200 422 0
200 422 -4 204 421 0
204 421 -3 212 419 -3
212 419 -5 222 419 2
222 419 1 240 418 4
240 418 3 257 418 1
257 418 -5 281 422 0
281 422 -3 317 426 0
317 426 1 353 430 -3
353 430 0 401 437 0
401 437 -3 445 444 -3
445 444 4 500 452 2
500 452 -1 559 460 4
559 460 -5 599 466 3
599 466 0 643 473 -2
643 473 1 698 481 -2
698 481 0 736 490 -2
736 490 3 769 496 1
769 496 2 802 502 -3
802 502 -5 826 509 4
826 509 2 841 511 -2
841 511 1 845 512 -4
845 512 -4 849 513 3
849 513 3 849 514 -2
849 514 0 843 514 -4
843 514 1 833 514 -1
833 514 -2 820 513 -1
820 513 4 801 510 -3
801 510 0 780 507 4
780 507 -1 762 505 -3
762 505 -1 737 500 1
737 500 -2 697 493 -5
697 493 -5 660 487 3
660 487 2 614 472 -5
614 472 -2 561 457 0
561 457 -4 505 444 -3
505 444 0 450 437 -1
450 437 4 393 419 -2
393 419 0 348 409 1
348 409 1 292 399 0
292 399 0 243 384 -1
243 384 -3 186 369 0
186 369 1 147 355 4
147 355 2 118 349 4
118 349 3 94 342 -5
94 342 2 77 339 -3
77 339 1 65 333 -5
65 333 -2 57 330 -2
57 330 -4 56 330 -3
56 330 3 58 329 3
58 329 -5 62 328 -3
62 328 -2 70 328 -3
70 328 4 81 328 -1
81 328 -3 99 328 -5
99 328 -3 121 332 1
121 332 1 154 338 -1
154 338 -1 202 348 0
202 348 -3 263 364 -3
263 364 -5 328 385 -2
328 385 4 414 403 3
414 403 -3 519 427 -5
519 427 -1 616 444 2
616 444 -1 714 468 3
714 468 -4 818 486 -3
818 486 -1 910 498 2
910 498 -4 986 520 4
986 520 2 1079 535 -1
1079 535 4 1158 551 -4
1158 551 0 1217 562 -4
1217 562 3 1273 572 0
1273 572 4 1316 576 1
1316 576 4 1340 578 -1
1340 578 4 1357 580 1
1357 580 -4 1365 581 -4
1365 581 0 1365 581 2
1365 581 -4 1363 581 -4
1363 581 3 1356 581 -3
1356 581 -4 1343 581 4
1343 581 1 1324 581 -1
1324 581 4 1307 580 2
1307 580 -1 1283 575 -4
1283 575 2 1250 569 1
1250 569 2 1209 560 -5
1209 560 3 1163 545 1
1163 545 -5 1112 538 3
1112 538 1 1044 525 3
1044 525 2 1006 513 -5
1006 513 2 950 501 0
950 501 1 864 480 -1
864 480 -4 798 456 2
798 456 3 725 428 4
725 428 2 658 412 4
658 412 3 586 392 -5
586 392 -4 540 378 -3
540 378 2 483 360 -2
483 360 -1 445 351 -3
445 351 -3 415 343 -2
415 343 -4 401 340 0
401 340 3 396 340 -3
396 340 3 396 339 4
396 339 1 396 339 0
396 339 -2 403 339 -1
403 339 -3 415 337 0
415 337 -3 426 337 3
426 337 -2 439 337 -4
439 337 0 450 337 1
450 337 -1 469 340 -2
469 340 -4 488 344 -5
488 344 -1 512 349 -4
512 349 -5 564 359 4
564 359 2 653 374 -1
653 374 1 729 396 2
729 396 -2 804 413 -3
804 413 -4 901 431 -1
901 431 0 987 445 -1
987 445 -4 1069 459 1
1069 459 0 1150 470 -4
1150 470 3 1209 478 1
1209 478 -4 1257 485 -2
1257 485 -3 1297 492 -1
1297 492 -4 1337 496 -5
1337 496 3 1354 499 -2
1354 499 0 1362 502 3
1362 502 4 1364 503 1
1364 503 3 1362 503 -5
1362 503 -1 1355 503 0
1355 503 -4 1338 499 -3
1338 499 -2 1317 498 0
1317 498 -5 1293 494 3
1293 494 -2 1266 492 0
1266 492 4 1228 484 2
1228 484 1 1183 472 -3
1183 472 3 1128 464 0
1128 464 -2 1072 454 -5
1072 454 2 1031 445 3
1031 445 0 969 440 0
969 440 -3 910 429 0
910 429 2 850 419 -2
850 419 1 779 405 3
779 405 0 713 395 -3
713 395 -5 646 381 2
646 381 4 586 371 -4
586 371 -3 546 364 -1
546 364 3 499 347 3
499 347 2 461 333 3
461 333 -2 431 328 -2
431 328 0 411 321 -5
411 321 -2 402 320 -1
402 320 4 397 318 -2
397 318 -2 395 318 3
395 318 -3 395 318 4
395 318 4 397 318 2
397 318 -1 407 318 -5
407 318 2 422 319 3
422 319 -3 441 323 -3
441 323 -3 463 329 0
463 329 -4 501 341 -2
501 341 2 550 353 4
550 353 -4 597 370 4
597 370 -4 656 380 -3
656 380 -1 697 389 -5
697 389 0 753 402 1
753 402 -4 810 418 4
810 418 -5 867 433 3
867 433 1 916 445 -2
916 445 4 972 455 0
972 455 -4 1020 465 -1
1020 465 2 1051 476 1
1051 476 -4 1081 481 -5
1081 481 3 1103 487 3
1103 487 -3 1116 490 -5
1116 490 -3 1128 494 2
1128 494 -3 1132 495 2
1132 495 -4 1128 495 4
1128 495 -4 1118 495 1
1118 495 -4 1110 495 -5
1110 495 0 1099 493 4
1099 493 -2 1080 490 -2
1080 490 1 1065 487 -1
1065 487 4 1040 478 -5
1040 478 -4 1000 474 0
1000 474 -5 959 465 -5
959 465 0 910 450 -5
910 450 2 856 435 2
856 435 -3 804 422 0
804 422 -4 762 410 -1
762 410 -3 718 403 3
718 403 -4 667 399 3
667 399 2 619 389 0
619 389 -2 560 379 1
560 379 -5 499 363 -4
499 363 -2 447 353 -1
447 353 -3 407 346 2
407 346 -3 374 342 -3
374 342 -5 353 339 -3
353 339 1 340 336 3
340 336 -4 332 336 -1
332 336 2 326 336 0
326 336 -3 325 336 3
325 336 -4 326 336 0
326 336 -2 330 336 -3
330 336 -4 342 337 -2
342 337 0 357 339 -4
357 339 3 386 343 -4
386 343 -5 413 350 -2
413 350 1 466 365 4
466 365 -2 540 379 3
540 379 -5 601 395 3
601 395 2 671 403 4
671 403 -4 756 417 1
756 417 -3 830 425 -5
830 425 0 893 439 -2
893 439 1 949 451 0
949 451 3 998 461 2
998 461 0 1057 469 4
1057 469 2 1100 473 1
1100 473 -3 1137 482 1
1137 482 2 1154 485 -2
1154 485 2 1175 489 2
1175 489 -1 1185 491 -2
1185 491 -4 1187 491 4
1187 491 -4 1187 491 3
1187 491 -2 1182 491 3
1182 491 2 1169 491 -5
1169 491 3 1151 489 2
1151 489 3 1132 485 -1
1132 485 -2 1107 479 2
1107 479 -4 1072 477 1
1072 477 -3 1031 468 -2
1031 468 3 987 461 2
987 461 2 939 452 3
939 452 -2 875 436 -5
875 436 3 811 422 2
811 422 1 744 412 -4
744 412 -2 685 401 -5
685 401 -2 627 396 -1
627 396 -3 567 381 0
567 381 -1 512 373 -1
512 373 1 472 369 -2
472 369 -1 447 365 3
447 365 -3 432 365 2
432 365 -1 422 365 3
422 365 -4 418 365 2
418 365 3 416 364 4
416 364 -5 418 364 4
418 364 3 432 363 -2
432 363 -5 452 363 1
452 363 -3 481 365 -3
481 365 -4 518 372 0
518 372 -3 573 379 -5
573 379 1 618 391 2
618 391 3 670 401 -5
670 401 -3 721 406 3
721 406 -5 761 413 4
761 413 -3 824 421 -2
824 421 -3 885 439 3
885 439 -4 933 449 4
933 449 -3 999 457 -2
999 457 -1 1048 469 -4
1048 469 -4 1092 474 3
1092 474 -3 1126 482 -4
1126 482 4 1155 488 -2
1155 488 4 1177 491 1
1177 491 -5 1192 494 4
1192 494 -4 1203 497 -5
1203 497 3 1209 498 3
1209 498 -3 1210 498 -2
1210 498 -2 1210 498 1
1210 498 -4 1207 498 -2
1207 498 3 1199 498 1
1199 498 -5 1190 497 2
1190 497 -4 1177 495 -2
1177 495 -3 1165 492 2
1165 492 3 1146 488 -4
1146 488 -1 1133 485 2
1133 485 -2 1114 480 -1
1114 480 -1 1095 475 2
1095 475 3 1072 474 3
1072 474 4 1031 467 2
1031 467 -2 995 460 0
995 460 4 946 448 1
946 448 -2 885 432 0
885 432 0 837 423 -4
837 423 -5 786 418 -1
786 418 0 715 404 -1
715 404 4 659 392 1
659 392 1 595 373 4
595 373 2 541 355 2
541 355 -2 492 343 -2
492 343 -1 451 333 2
451 333 -4 410 324 -3
410 324 0 391 320 -1
391 320 3 379 315 -2
379 315 -4 367 311 0
367 311 -2 364 310 3
364 310 -4 364 309 -3
364 309 -2 364 309 -2
364 309 3 367 309 -1
367 309 0 374 309 -3
374 309 3 384 309 -3
384 309 2 395 309 -2
395 309 1 414 309 -1
414 309 3 442 311 -1
442 311 -1 479 317 -1
479 317 -5 527 327 2
527 327 2 588 346 -2
588 346 2 648 359 1
648 359 0 712 375 3
712 375 -4 786 383 -1
786 383 -2 836 388 -1
836 388 -3 875 390 -5
875 390 -3 929 405 1
929 405 0 977 415 0
977 415 -3 1010 421 -3
1010 421 -5 1043 427 -3
1043 427 0 1070 435 0
1070 435 -2 1085 438 3
1085 438 3 1097 442 -4
1097 442 -3 1100 443 0
1100 443 -3 1101 443 -5
1101 443 2 1101 443 4
1101 443 0 1097 443 2
1097 443 -1 1090 443 -1
1090 443 0 1077 443 1
1077 443 -1 1060 441 -2
1060 441 2 1045 440 3
1045 440 3 1026 437 -3
1026 437 -1 1009 432 1
1009 432 -3 987 425 0
987 425 2 957 417 4
957 417 -5 923 409 1
923 409 2 904 407 -1
904 407 0 878 405 1
878 405 -3 848 405 0
848 405 -4 796 398 -4
796 398 -3 762 390 3
762 390 -1 721 380 2
721 380 1 672 368 -2
672 368 1 631 359 -2
631 359 4 587 350 -3
587 350 -4 560 342 -3
560 342 -3 533 334 -1
533 334 -2 516 331 -1
516 331 -3 502 325 2
502 325 1 493 322 3
493 322 -1 488 321 1
488 321 -4 487 321 1
487 321 3 488 321 2
488 321 1 494 321 2
494 321 -3 509 323 -5
509 323 3 526 326 0
526 326 -1 546 328 -4
546 328 -1 580 328 1
580 328 -3 624 335 3
624 335 -2 665 342 -1
665 342 -4 704 346 -4
704 346 1 750 346 -1
750 346 -4 806 359 1
806 359 -5 854 366 3
854 366 -3 916 374 -2
916 374 4 968 384 1
968 384 -4 1015 386 -4
1015 386 2 1057 398 4
1057 398 -1 1093 404 1
1093 404 -5 1134 411 -2
1134 411 0 1166 415 3
1166 415 1 1181 416 -5
1181 416 -1 1193 418 4
1193 418 -5 1196 418 -5
1196 418 -5 1196 418 -2
1196 418 0 1191 418 -3
1191 418 -2 1179 417 3
1179 417 4 1166 414 -4
1166 414 -3 1151 413 1
1151 413 3 1131 411 2
1131 411 -5 1113 407 -1
1113 407 -2 1096 402 -3
1096 402 -3 1075 399 3
1075 399 -1 1043 395 1
1043 395 4 1011 393 -4
1011 393 4 987 391 2
987 391 -3 951 385 -3
951 385 4 911 380 4
911 380 -5 862 370 4
862 370 1 824 368 -1
824 368 -1 787 362 0
787 362 -3 738 350 1
738 350 0 700 341 2
700 341 3 665 327 2
665 327 -3 635 322 -2
635 322 3 606 316 -4
606 316 -2 578 306 2
578 306 -2 563 303 2
563 303 2 557 300 -4
557 300 -4 553 299 -5
553 299 -2 552 299 4
552 299 1 553 299 4
553 299 -3 564 299 -3
564 299 -3 577 300 2
577 300 3 594 303 4
594 303 -3 631 309 3
631 309 0 676 318 4
676 318 -1 724 325 -4
724 325 -1 767 328 -5
767 328 0 810 332 -5
810 332 -2 838 334 -5
838 334 0 886 341 0
886 341 -5 933 346 -1
933 346 -2 982 346 2
982 346 -5 1020 346 -3
1020 346 -5 1072 353 4
1072 353 4 1108 357 0
1108 357 -2 1135 359 3
1135 359 1 1160 359 4
1160 359 1 1177 352 4
1177 352 0 1192 344 4
1192 344 1 1206 338 -1
1206 338 -3 1213 332 4
1213 332 -4 1217 327 -3
1217 327 -1 1219 322 -3
1219 322 -4 1219 320 1
1219 320 2 1219 318 0
1219 318 -2 1219 318 -1
1219 318 4 1219 316 0
1219 316 2 1217 314 -4
1217 314 1 1212 312 0
1212 312 2 1208 308 -1
1208 308 -2 1201 306 0
1201 306 1 1190 303 3
1190 303 1 1182 301 3
1182 301 3 1169 300 -1
1169 300 2 1155 295 1
1155 295 -1 1142 294 2
1142 294 1 1123 291 -5
1123 291 1 1103 289 1
1103 289 4 1084 289 4
1084 289 -4 1058 287 -3
1058 287 -1 1026 283 -4
1026 283 1 994 281 -1
994 281 0 950 274 2
950 274 -3 907 270 -2
907 270 0 849 267 -1
849 267 2 805 258 -5
805 258 4 760 249 3
760 249 3 715 239 0
715 239 4 674 230 -4
674 230 -1 643 220 2
643 220 1 613 214 -5
613 214 0 584 208 2
584 208 1 567 202 1
567 202 -3 555 197 3
555 197 -4 543 196 2
543 196 0 539 195 -1
539 195 1 538 195 0
538 195 -4 541 195 -1
541 195 -3 550 193 -4
550 193 -5 563 193 -4
563 193 -5 581 194 -4
581 194 2 596 194 3
596 194 -3 617 197 3
617 197 0 636 197 4
636 197 -3 656 197 -5
656 197 3 675 197 -4
675 197 3 691 197 -3
691 197 0 705 200 -3
705 200 3 716 200 1
716 200 2 724 200 4
724 200 -5 731 201 2
731 201 -2 733 201 0
733 201 3 735 201 2
735 201 4 736 201 1
736 201 -5 736 201 4
736 201 -4 736 200 3
736 200 1 736 198 1
736 198 -4 735 198 4
735 198 -3 733 195 4
733 195 -4 731 193 -3
731 193 0 728 191 -3
728 191 -3 725 189 -4
725 189 0 723 187 -2
723 187 0 719 186 -3
719 186 2 715 182 2
715 182 3 712 179 4
712 179 4 704 173 3
704 173 2 694 168 -3
694 168 -5 685 163 -2
685 163 4 679 160 -2
679 160 -5 665 155 -2
665 155 -1 655 152 -3
655 152 -2 646 149 -3
646 149 1 632 146 1
632 146 -1 623 145 1
623 145 4 609 142 3
609 142 2 598 141 -3
598 141 -5 582 136 -4
582 136 -4 569 135 4
569 135 -2 560 133 -5
560 133 -1 541 133 0
541 133 4 526 132 0
526 132 -3 511 132 1
511 132 1 495 132 -4
495 132 0 478 132 -5
478 132 1 463 130 1
463 130 1 446 130 1
446 130 2 429 130 -3
429 130 -5 406 131 -4
406 131 -4 389 132 -4
389 132 2 370 137 0
370 137 0 350 139 -4
350 139 -3 333 142 -5
333 142 4 314 143 -5
314 143 -2 300 143 1
300 143 -2 286 143 -4
286 143 -5 272 143 0
272 143 4 260 145 4
260 145 -2 247 146 2
247 146 1 241 147 0
241 147 1 233 150 0
233 150 3 223 153 1
223 153 0 213 154 0
213 154 -1 198 154 -3
198 154 4 185 157 1
185 157 0 168 160 3
168 160 2 155 165 1
155 165 2 138 168 0
138 168 0 122 171 4
122 171 -3 109 174 -1
109 174 -2 88 177 -5
88 177 1 71 182 -4
71 182 1 55 188 -2
55 188 0 42 196 1
42 196 -1 29 206 -5
29 206 0 19 215 -1
19 215 4 5 230 -5
5 230 3 0 242 -5
0 242 1 0 247 3
0 247 -1 0 256 1
0 256 3 0 261 -1
0 261 3 0 270 -2
0 270 3 0 278 -5
0 278 2 0 285 0
0 285 -5 0 291 -3
0 291 -2 0 298 -5
0 298 -2 0 305 -3
0 305 3 0 311 3
0 311 3 0 321 -1
0 321 -5 0 328 1
0 328 0 0 336 3
0 336 -1 0 346 1
0 346 0 0 360 -2
0 360 -4 0 372 -4
0 372 -5 0 385 -4
0 385 4 0 400 -5
0 400 -1 0 419 2
0 419 0 0 436 1
0 436 2 0 453 3
0 453 -4 0 470 -4
0 470 -3 0 481 4
0 481 -4 0 494 -3
0 494 1 0 505 -3
0 505 0 0 513 -5
0 513 -4 0 521 -4
0 521 4 1 529 -3
1 529 -1 3 537 0
3 537 -2 3 543 0
3 543 -3 4 549 -4
4 549 -4 5 553 -3
5 553 -3 8 563 0
8 563 2 12 571 -2
12 571 -5 16 579 -1
16 579 4 21 584 3
21 584 -3 27 593 1
27 593 -5 31 595 -3
31 595 3 36 599 1
36 599 -3 41 603 4
41 603 2 48 606 3
48 606 2 56 612 -4
56 612 1 68 620 -2
68 620 -3 78 625 -1
78 625 -5 88 631 -4
88 631 -3 100 636 2
100 636 -3 114 642 2
114 642 -4 127 648 0
127 648 -1 139 654 1
139 654 4 156 658 -2
156 658 1 166 663 0
166 663 3 180 669 1
180 669 -2 197 672 1
197 672 0 205 674 3
205 674 1 219 679 -1
219 679 -2 230 683 -1
230 683 -1 242 689 3
242 689 -1 254 695 -1
254 695 -3 264 698 0
264 698 -4 274 702 3
274 702 2 284 704 0
284 704 0 292 706 4
292 706 0 303 706 -4
303 706 1 315 709 2
315 709 0 328 709 -3
328 709 0 339 711 -2
339 711 2 352 712 3
352 712 4 364 712 4
364 712 3 373 714 4
373 714 -5 384 714 0
384 714 -4 396 715 -1
396 715 4 404 716 3
404 716 -1 413 718 -1
413 718 -2 423 721 3
423 721 -5 431 722 4
431 722 4 442 723 -2
442 723 -4 454 726 -2
454 726 -4 467 729 -4
467 729 4 479 732 -3
479 732 1 492 734 -5
492 734 4 509 735 -5
509 735 4 524 738 4
524 738 1 539 740 -2
539 740 2 554 743 -2
554 743 -2 570 746 -1
570 746 2 594 751 -3
594 751 1 611 754 -3
611 754 -4 632 757 1
632 757 2 645 760 3
645 760 -2 662 763 4
662 763 4 674 766 -2
674 766 -4 689 767 -5
689 767 4 713 767 2
713 767 -3 731 767 -3
731 767 -4 755 767 2
755 767 -1 775 767 -2
775 767 -5 794 767 3
794 767 1 815 767 0
815 767 -3 834 767 -5
834 767 0 853 767 -4
853 767 1 874 767 -2
874 767 1 895 767 -4
895 767 1 917 767 4
917 767 3 939 767 -4
939 767 2 956 767 -4
956 767 -3 969 767 -5
969 767 2 986 767 0
986 767 -3 998 767 -3
998 767 -5 1013 767 3
1013 767 -3 1028 767 -2
1028 767 -4 1045 767 -5
1045 767 -2 1060 767 -1
1060 767 -5 1073 767 3
1073 767 -5 1090 767 2
1090 767 1 1108 767 -2
1108 767 2 1123 767 -4
1123 767 4 1138 767 -5
1138 767 -2 1150 767 4
1150 767 -5 1161 767 1
1161 767 1 1170 767 -1
1170 767 -5 1185 767 -4
1185 767 3 1198 767 0
1198 767 -2 1213 767 3
1213 767 -4 1226 767 -1
1226 767 1 1239 765 -4
1239 765 -5 1253 762 -5
1253 762 3 1268 759 -5
1268 759 4 1280 755 -1
1280 755 -3 1292 750 3
1292 750 2 1303 749 -5
1303 749 0 1314 748 4
1314 748 -2 1322 746 -3
1322 746 4 1329 744 -4
1329 744 4 1335 741 4
1335 741 -1 1340 738 4
1340 738 2 1342 734 1
1342 734 -2 1345 731 -3
1345 731 0 1346 725 4
1346 725 3 1346 721 -3
1346 721 -1 1346 717 -4
1346 717 -5 1346 711 3
1346 711 3 1343 703 1
1343 703 2 1341 693 0
1341 693 -4 1335 685 2
1335 685 -5 1329 675 3
1329 675 2 1323 664 1
1323 664 0 1319 656 2
1319 656 3 1310 646 -5
1310 646 3 1305 636 -4
1305 636 2 1297 625 -2
1297 625 4 1287 616 -1
1287 616 3 1275 607 -1
1275 607 -3 1261 600 -2
1261 600 2 1247 592 1
1247 592 -2 1235 588 -5
1235 588 1 1220 580 -3
1220 580 -5 1204 574 2
1204 574 2 1188 572 -5
1188 572 4 1171 569 -4
1171 569 1 1154 567 1
1154 567 0 1139 567 -5
1139 567 -5 1124 568 1
1124 568 0 1105 571 0
1105 571 1 1086 576 -3
1086 576 -1 1073 580 -4
1073 580 0 1057 586 -4
1057 586 -3 1042 593 -5
1042 593 -5 1023 597 0
1023 597 2 1004 601 4
1004 601 0 987 605 2
987 605 4 972 608 -1
972 608 -1 955 613 2
955 613 -2 940 614 -1
940 614 4 920 621 3
920 621 -2 902 624 -5
902 624 1 882 630 -4
882 630 3 864 632 -2
864 632 -2 843 635 4
843 635 -1 826 638 0
826 638 4 808 643 0
808 643 -3 791 649 2
791 649 -2 768 653 -2
768 653 1 739 656 -1
739 656 -3 706 663 3
706 663 1 679 670 1
679 670 2 647 674 1
647 674 -1 608 677 4
608 677 -1 572 681 -1
572 681 4 545 681 -3
545 681 3 510 681 -1
510 681 -2 476 681 3
476 681 -5 442 681 0
442 681 -5 413 678 0
413 678 0 387 672 -4
387 672 2 360 665 -2
360 665 4 342 655 -5
342 655 -2 315 647 -2
315 647 0 283 632 0
283 632 -5 258 621 -1
258 621 -4 229 606 -1
229 606 -4 200 592 -5
200 592 4 169 572 2
169 572 4 134 559 -1
134 559 -3 97 538 1
97 538 4 60 517 -3
60 517 -3 34 501 1
34 501 -5 0 481 4
0 481 2 0 468 0
0 468 -1 0 456 -1
0 456 -1 0 440 -4
0 440 -2 0 431 -2
0 431 -4 0 419 -2
0 419 0 0 408 -1
0 408 4 0 400 -2
0 400 -4 0 391 -1
0 391 2 0 382 -1
0 382 2 0 372 -2
0 372 1 0 357 -5
0 357 -2 0 340 -2
0 340 -4 0 327 3
0 327 3 0 314 3
0 314 2 2 295 -3
2 295 0 11 268 3
11 268 0 19 237 -3
19 237 -5 27 210 -2
27 210 3 37 176 1
37 176 -4 52 133 -4
52 133 -3 61 92 -3
61 92 -2 72 54 -3
72 54 3 83 20 -4
83 20 -1 86 0 2
86 0 2 92 0 3
92 0 -5 99 0 1
99 0 1 107 0 0
107 0 0 115 0 -4
115 0 4 125 0 4
125 0 -5 134 0 -1
134 0 -1 146 0 -2
146 0 4 154 0 1
154 0 4 163 0 4
163 0 -4 175 0 -3
175 0 4 184 0 3
184 0 -4 197 1 -3
197 1 -4 209 4 3
209 4 0 222 8 -2
222 8 1 233 14 1
233 14 -2 246 23 3
246 23 -5 259 36 0
259 36 1 272 52 -1
272 52 3 293 71 3
293 71 1 318 116 -1
318 116 3 341 153 2
341 153 4 360 197 -4
360 197 -3 382 237 -3
382 237 2 410 286 2
410 286 1 434 327 0
434 327 4 466 380 -2
466 380 0 499 426 -2
499 426 -3 539 479 -2
539 479 1 565 505 -3
565 505 3 597 535 -1
597 535 0 641 576 -2
641 576 0 681 614 1
681 614 3 737 649 -5
737 649 -2 768 671 -2
768 671 -3 801 688 0
801 688 -1 837 702 4
837 702 3 870 719 -4
870 719 0 907 726 0
907 726 4 941 736 -4
941 736 0 972 747 4
972 747 -2 1010 758 4
1010 758 -3 1060 767 2
1060 767 4 1105 767 -5
1105 767 2 1141 767 -5
1141 767 3 1174 767 3
1174 767 3 1205 767 -5
1205 767 -3 1237 766 -3
1237 766 0 1267 758 2
1267 758 1 1297 752 -3
1297 752 2 1325 740 0
1325 740 -1 1347 729 -3
1347 729 3 1363 716 -5
1363 716 4 1365 703 -5
1365 703 1 1365 691 -5
1365 691 -5 1365 679 4
1365 679 1 1365 665 3
1365 665 1 1365 649 -3
1365 649 1 1365 627 -4
1365 627 -3 1365 612 3
1365 612 -1 1365 595 -2
1365 595 -5 1365 579 -3
1365 579 -3 1365 564 -2
1365 564 -4 1365 551 -5
1365 551 2 1365 535 4
1365 535 0 1365 517 4
1365 517 1 1365 493 0
1365 493 0 1365 465 -2
1365 465 -1 1365 442 0
1365 442 0 1365 419 4
1365 419 2 1365 400 3
1365 400 -3 1365 387 2
1365 387 4 1365 372 1
1365 372 3 1363 355 -4
1363 355 3 1360 342 1
1360 342 -2 1358 327 4
1358 327 -4 1352 312 -1
1352 312 -1 1344 294 0
1344 294 0 1334 274 0
1334 274 3 1323 249 -1
1323 249 1 1311 224 -4
1311 224 2 1294 194 1
1294 194 -4 1277 179 0
1277 179 2 1264 162 1
1264 162 3 1246 145 -1
1246 145 -3 1226 130 -1
1226 130 -3 1206 116 0
1206 116 3 1188 106 -4
1188 106 2 1160 94 4
1160 94 3 1133 86 -1
1133 86 1 1113 80 2
1113 80 1 1094 75 0
1094 75 -2 1079 70 -2
1079 70 -2 1064 64 1
1064 64 4 1048 58 2
1048 58 -5 1038 55 3
1038 55 -1 1029 52 -1
1029 52 0 1021 51 -4
1021 51 3 1018 50 -4
1018 50 -1 1012 49 2
1012 49 1 1010 48 1
1010 48 -1 1009 48 -2
1009 48 0 1007 47 2
1007 47 -3 1006 47 3
1006 47 2 1003 46 -5
1003 46 -1 1000 45 3
1000 45 3 997 45 1
997 45 0 992 43 1
992 43 1 989 42 3
989 42 -1 986 41 1
986 41 3 983 41 2
983 41 -2 982 40 -2
982 40 2 981 40 -2
